000000000000000000000000000000000000000000000000000000000000000000000000000000000000000000000000000000000000000000000000000010000000000000000000000000000100000000000000000000
000000000000000000000000000000000000000000000000000000000000000000000000000000000000000000000000000000000000001000000000000010000000000000000000000000000100000000000000000000
100000000000000000000000000000000000000000000000000000000000000000000000000000000000000000000000000000000000001000000000000010000000000000000000000000000100000000000000000000
100000000000000000000000000000000000000000000000000000000000000000000000000000000000000000000000000000000000001000000000000010000000000000000000000000000110000000000000000000
000000000000000000000000100000000000000000000000000000000000000010000000000000000000000000000000000000000000000000000000000000000000000000000000000000000000000000000000000000
000000000000000000000000100000000000000000000000000000000000000010000000000000000000000000000000000000000000000000000010000000000000000000000000000000000000000000000000000000
000000000000000000000000100000000000000000000000000000000100000010000000000000000000000000000000000000000000000000000010000000000000000000000000000000000000000000000000000000
000000000000000000000000000000000000000000000000000000000000000000000000000000000000000000010000000000000000100000000000000000000000000000000000000000000000000000000000000000
000000000000000000000000000000000000000001000000000000000000000000000000000000000000000000010000000000000000100000000000000000000000000000000000000000000000000000000000000000
000000000000000000000000100000000000000001000000000000000100000010000000000000000000000000010000000000000000100000000010000000000000000000000000000000000000000000000000000000
000000000000000000000000100000000000000001000000000000000100000010000000000000000000000000010000000000000000100000000010000100000000000000000000000000000000000000000000000000
000000000000000000000000100000000000000001000000000000000100000010000000000000000000000000010000000000000000100000000010000100000000000000000000001000000000000000000000000000
000000000000000000000000000000000000000000000000100000000000000001000000000000000000000000000000000000000000000000000000000000000000000000000000000000000000000000000000000000
000000000000000000000000000000000000000000000000100000000000000001000000000000000000000000000000000010000000000000000000000000000000000000000000000000000000000000000000000000
000000000000000000000000000000000000000000000000100001000000000001000000000000000000000000000000000010000000000000000000000000000000000000000000000000000000000000000000000000
000000000000000000000000000000000000000000000000100001000000000001000000000000000000000000000000000010000000000000000000000000010000000000000000000000000000000000000000000000
000000000000000000000000000000000000000000000000100001000000000001000000000000000000000000000000000010000000000000000000000000010000000000000000000000000000000000000001000000
000000000000000000000000100000000000000001000000100001000100000011000000000000000000000000010000000010000000100000000010000100010000000000000000001000000000000000000001000000
000000000000000000000000000000000000000000000000000000000000000000000000000000000010000000000000000100000000000000000000000000000000000000000000000000000000000000000000000000
000000000000000000000000000000000000000000000000000000000000000100000000000000000010000000000000000100000000000000000000000000000000000000000000000000000000000000000000000000
000000000000000000000000100000000000000001000000100001000100000111000000000000000010000000010000000110000000100000000010000100010000000000000000001000000000000000000001000000
100000000000000000000000100000000000000001000000100001000100000111000000000000000010000000010000000110000000101000000010000110010000000000000000001000000110000000000001000000
100000000000000000000000100000000000000001000000100001000110000111000000000000000010000000010000000110000000101000000010000110010000000000000000001000000110000000000001000000
100000000000000000000000100000000000000001000000100001000110000111000000000000000010000000010001000110000000101000000010000110010000000000000000001000000110000000000001000000
000000000000000000000000010000000000000000000000000000000000000000000000000000000000000000000000000000000000000000000000000000000000000000000000000000000001000000000000000000
000000000000000000000000010000000000000000000000000000000000000000000000000000000000000000000000000000000001000000000000000000000000000000000000000000000001000000000000000000
000000000000000000000000000000000000000000000000000000010000000000000000000001000000000000000000000000000000000000000000000000000000000000000000000000000000000000000000000000
000000000000000000000000010000000000000000000000000000010000000000000000000001000000000000000000000000000001000000000000000000000000000000000000000000000001000000000000000000
100000000000000000000000110000000000000001000000100001010110000111000000000001000010000000010001000110000001101000000010000110010000000000000000001000000111000000000001000000
000000000000000000000000000000000000000000000000000000000000000000000000000000100000000000000000000000000000000000000000000000000000000000000000000000000000000000000000000010
000000000000000000000000000000000000000000000000000000000000000000000000000000100000000000000000000000000000000000000000000000000000000000000000000000001000000000000000000010
100000000000000000000000110000000000000001000000100001010110000111000000000001100010000000010001000110000001101000000010000110010000000000000000001000001111000000000001000010
100000000000000000000000110000000000000101000000100001010110000111000000000001100010000000010001000110000001101000000010000110010000000000000000001000001111000000000001000010
000100000000000000000000000000000000000000000000000000000000000000000000000000010000000000000000000000000000000000000000000000000000000000000000000000000000000000000000000000
000000000000000000000000000000000000000000000000000000000000000000000000000000000000000000000000001000000000000000100000000000000000000000000000000000000000000000000000000000
000000000000000000000000000000000000000000000000000000000000000000000000000000000000000000000000001000000000000000100000000000000000000000000000000000100000000000000000000000
000000000000000000000000000000000000000000000000000000000000000000000000000000001000000000000000001000000000000000100000000000000000000000000000000000100000000000000000000000
000000000000000000000000000000000000000000000000000000000000000000000000000000001000100000000000001000000000000000100000000000000000000000000000000000100000000000000000000000
000000000000000000000000000100000000000000000000000000000000000000000000000000001000100000000000001000000000000000100000000000000000000000000000000000100000000000000000000000
000100000000000000000000000100000000000000000000000000000000000000000000000000011000100000000000001000000000000000100000000000000000000000000000000000100000000000000000000000
000000000000000000000000000000000000000000000000010000000000000000000000000000000000000000000000000000000000000000000000000000000000000000000000000000000000000000001000000000
000000000000000000000000000000000000000000000000010000000000000000000000000000000000000000000000000000000000000000000000000000000000000000000100000000000000000000001000000000
000000000000000000000000000000000000000000000000010000000000000000000000000000000000000000000000100000000000000000000000000000000000000000000100000000000000000000001000000000
000000000000000000000000000000000000000000000000000000000000000000000000000000000000000000000000000000000000000000000000000001000000000000000000000100000000000000000000000000
000000000000000000000000000000000000000000000000000000000000000000000100000000000000000000000000000000000000000000000000000001000000000000000000000100000000000000000000000000
000000000000000000000000000000000000000000000000010000000000000000000100000000000000000000000000100000000000000000000000000001000000000000000100000100000000000000001000000000
000100000000000000000000000100000000000000000000010000000000000000000100000000011000100000000000101000000000000000100000000001000000000000000100000100100000000000001000000000
000100000000000000000000000100000000000000000000010000000000000000000100000000011000100000000000101000000000000000100000000001000000001000000100000100100000000000001000000000
000100000000000000000000000100000000000000000000010000000000000000000100000000011000100000000000101000000000000000110000000001000000001000000100000100100000000000001000000000
000100000000000000000000000100000000000000000000010000000000000000000100000000011000100000000000101000000000010000110000000001000000001000000100000100100000000000001000000000
000000000000000000010000000000000000000000000000000000000000000000000000000000000000000000000000000000000000000000000000000000000000000000000000000000010000000000000000000000
000000000000000000000000000000000000000000000000000000000000000000000000000000000000000000000000000000000000000000000000010000000000000000000000000000000000000000010000000000
000000000000000000000000000010000000000000000000000000000000000000000000000000000000000000000000000000000000000000000000010000000000000000000000000000000000000000010000000000
000000000000000000000000000010000000000000000000000000000000000000000000000000000000000000000000000000000000000001000000010000000000000000000000000000000000000000010000000000
000000000000000000010000000010000000000000000000000000000000000000000000000000000000000000000000000000000000000001000000010000000000000000000000000000010000000000010000000000
000000000000000000010000000010000000000000000000000000000000000000000000000000000000000000000000000000000000000001000000010000000000000000000000000000010000001000010000000000
000000000000000000000000000000000010000000000000001000000000000000000000000000000000000000000000000000000000000000000000000000000000000000000000000000000000000000000000000000
000000000000000000010000000010000010000000000000001000000000000000000000000000000000000000000000000000000000000001000000010000000000000000000000000000010000001000010000000000
000000000000000000010000000010000010000000000000001000000000000000000000000000000000000000000000000000010000000001000000010000000000000000000000000000010000001000010000000000
000100000000000000010000000110000010000000000000011000000000000000000100000000011000100000000000101000010000010001110000010001000000001000000100000100110000001000011000000000
000000000000000000100000000000000000000000000000000000000000000000000000000000000000000000000010000000000000000000000000000000000000000000000000000000000000000000000000000000
000100000000000000110000000110000010000000000000011000000000000000000100000000011000100000000010101000010000010001110000010001000000001000000100000100110000001000011000000000
000000000100000000000000000000000000000000000000000000000000000000000000000000000000000000000000000000000000000000000000100000000000000000000000000000000000000000000000000000
000100000100000000110000000110000010000000000000011000000000000000000100000000011000100000000010101000010000010001110000110001000000001000000100000100110000001000011000000000
000100000100000000110000000110000010000000000000011000000000000000000100000010011000100000000010101000010000010001110000110001000000001000000100000100110000001000011000000000
000100000100000000110000000110000010000000000000011000000000000000000100000010011000100000000010101000010000010001110000110001000100001000000100000100110000001000011000000000
000000000000000000000000000000000000000000000000000000000000110000000000000000000000000000000000000000000000000000000000000000000000000000000000000000000000000000000000000000
000000000000000000000000000000000000000000000000000000000000110000000000000000000000000000000000000000000000000000000000000000001000000000000000000000000000000000000000000000
000000000000000000000000000000000000000000000000000000000000110000000000000000000000000000000000000000000000000000000000000000001000000000000000100000000000000000000000000000
000000000000010000000000000000000000000000000000000000000000110000000000000000000000000000000000000000000000000000000000000000001000000000000000100000000000000000000000000000
000000000000010000000000000000000000000000000000000000000000110000000000000000000000000000000000000001000000000000000000000000001000000000000000100000000000000000000000000000
000100000100010000110000000110000010000000000000011000000000110000000100000010011000100000000010101001010000010001110000110001001100001000000100100100110000001000011000000000
000000000000000000000000000000000000000000000000000000000000000000000000000000000000010000000000000000000000000000000000000000000000000000000000000010000000000000000000000000
000000000000000000000000000000000000010000000000000000000000000000000000000000000000010000000000000000000000000000000000000000000000000000000000000010000000000000000000000000
000100000100010000110000000110000010010000000000011000000000110000000100000010011000110000000010101001010000010001110000110001001100001000000100100110110000001000011000000000
000000000000000000000000000000100000001000000000000000000000000000000000000000000000000000000000000000000000000000000000000000000000000000000000000000000000000000000000000000
000100000100010000110000000110100010011000000000011000000000110000000100000010011000110000000010101001010000010001110000110001001100001000000100100110110000001000011000000000
000100000100010000110000000110100010011000000000011000000000110000000100000010011000110000000010101001010000010001110000110001001100001000000100100110110000001010011000000000
000000000000001000000000000000000000000000010000000000000000000000000000000000000000000000000000000000000000000000000000000000000000000000000000000000000000000000000000000000
000100000100011000110000000110100010011000010000011000000000110000000100000010011000110000000010101001010000010001110000110001001100001000000100100110110000001010011000000000
000100000100011000110000000110100010011000010000011000000000110000000100000010011000110000000010101001010000010001110001110001001100001000000100100110110000001010011000000000
100100000100011000110000110110100010011101010000111001010110110111000100000011111010110000010011101111010001111001110011110111011100001000000100101110111111001010011001000010
100100000100011000110000110110100010011101010000111001010110110111000100000011111010110000010011101111010001111001110011110111011100001000000100101110111111001010011001000011
100100000100011000110000110110100010011101010100111001010110110111000100000011111010110000010011101111010001111001110011110111011100001000000100101110111111001010011001000011
100100000101011000110000110110100010011101010100111001010110110111000100000011111010110000010011101111010001111001110011110111011100001000000100101110111111001010011001000011
100100000101011000110100110110100010011101010100111001010110110111000100000011111010110000010011101111010001111001110011110111011100001000000100101110111111001010011001000011
100100000101011000110100110110101010011101010100111001010110110111000100000011111010110000010011101111010001111001110011110111011100001000000100101110111111001010011001000011
000000010000000000000000000000000000000000000000000000000000000000000001000000000000000000000000000000000000000000000000000000000000000000000000000000000000000000000000000000
000000010000000000000000000000000000000000000000000000000000000000000001000000000000001000000000000000000000000000000000000000000000000000000000000000000000000000000000000000
000000000000000000000000000000000000000010000000000000000000000000000000000000000000000000001000000000000000000000000000000000000000000000000000000000000000000000000000000000
000000010000000000000000000000000000000010000000000000000000000000000001000000000000001000001000000000000000000000000000000000000000000000000000000000000000000000000000000000
000000010000000000000000000000000000000010000000000000000000000000000001000100000000001000001000000000000000000000000000000000000000000000000000000000000000000000000000000000
000000000000000000000000000000000000000000000000000000000000000000010000000000000000000000000000000000000000000000000000000000000000000000000000000000000000000000000010000000
000000010000000000000000000000000000000010000000000000000000000000010001000100000000001000001000000000000000000000000000000000000000000000000000000000000000000000000010000000
000000000000000000000000000000000000000000000001000000000000000000000000000000000000000000000000010000000000000000000000000000000000000000000000000000000000000000000000000000
000000010000000000000000000000000000000010000001000000000000000000010001000100000000001000001000010000000000000000000000000000000000000000000000000000000000000000000010000000
000000000000000000000000000000000000000000000000000000000000000000000000000000000000000000000000000000000000000100000000000000000000000000000000000000000000000000000100000000
000000010000000000000000000000000000000010000001000000000000000000010001000100000000001000001000010000000000000100000000000000000000000000000000000000000000000000000110000000
000000010000000000000000000000000000000010000001000010000000000000010001000100000000001000001000010000000000000100000000000000000000000000000000000000000000000000000110000000
100100010101011000110100110110101010011111010101111011010110110111010101000111111010111000011011111111010001111101110011110111011100001000000100101110111111001010011111000011
000000000000000010000000000000000000100000000000000000000000000000000000000000000000000000000000000000000000000000000000000000000000000000000000000000000000000000000000000000
010000000000000010000000000000000000100000000000000000000000000000000000000000000000000000000000000000000000000000000000000000000000000000000000000000000000000000000000000000
000000000010000000000000000000000000000000000000000000000000000000000000000000000000000010000000000000000000000000000000000000000000000000000000000000000000000000000000000000
000000000000000000000000000000000000000000000000000000000000000000000000000000000000000000000000000000000000000000000000000000000000000000010000000000000000000000000000100000
000000000000000000000000000000000000000000000000000000000000000000000000000000000000000000000000000000001000000000000000000000000000000000010000000000000000000000000000100000
000000000010000000000000000000000000000000000000000000000000000000000000000000000000000010000000000000001000000000000000000000000000000000010000000000000000000000000000100000
010000000010000010000000000000000000100000000000000000000000000000000000000000000000000010000000000000001000000000000000000000000000000000010000000000000000000000000000100000
000000000000000000000000000000000000000000000000000000000000000000000000000000000000000000000000000000000000000000000000000000000001000000000000000000000000000100000000000000
010000000010000010000000000000000000100000000000000000000000000000000000000000000000000010000000000000001000000000000000000000000001000000010000000000000000000100000000100000
010000100010000010000000000000000000100000000000000000000000000000000000000000000000000010000000000000001000000000000000000000000001000000010000000000000000000100000000100000
010000100010000010000000000000000000100000000000000000000000000000000000000000000000000010000000000000101000000000000000000000000001000000010000000000000000000100000000100000
000001000000000000000000000000000000000000000000000000000000000000000000100000000000000000000000000000000000000000000000000000000000000000000000000000000000000000000000000000
000001000000000000000000000000000000000000000000000000000000000000000000100000000000000000000000000000000000000000000000000000000000000000000000010000000000000000000000000000
001001000000000000000000000000000000000000000000000000000000000000000000100000000000000000000000000000000000000000000000000000000000000000000000010000000000000000000000000000
000000001000000000000000000001000000000000000000000000000000000000000000000000000000000000000000000000000000000000000000000000000000000000000000000000000000000000000000000000
000000000000000000000000000000010000000000000000000000000000000000100000000000000000000000000000000000000000000000000000000000000000000000000000000000000000000000000000000000
000000000000000000000000000000010000000000000000000000000000001000100000000000000000000000000000000000000000000000000000000000000000000000000000000000000000000000000000000000
000000000000000000000000000000010000000000000000000000000000001000100000000000000000000000100000000000000000000000000000000000000000000000000000000000000000000000000000000000
000000000000000000000000000000010000000000001000000000000000001000100000000000000000000000100000000000000000000000000000000000000000000000000000000000000000000000000000000000
000000001000000000000000000001010000000000001000000000000000001000100000000000000000000000100000000000000000000000000000000000000000000000000000000000000000000000000000000000
000000001000000000000000000001010000000000001000000000000000001000100000000000000000000000100000000000000000000000000000000000000010000000000000000000000000000000000000000000
000000000000000000000000000000000000000000000000000000000000000000000000000000000000000000000000000000000000000000000000000000000000100000000000000000000000000000000000001000
000000001000000000000000000001010000000000001000000000000000001000100000000000000000000000100000000000000000000000000000000000000010100000000000000000000000000000000000001000
000000000000000000000000000000000100000000000000000000000000000000000000000000000000000000000000000000000000000000000000000000000000000000000001000000000000000000000000000000
000000001000000000000000000001010100000000001000000000000000001000100000000000000000000000100000000000000000000000000000000000000010100000000001000000000000000000000000001000
001001001000000000000000000001010100000000001000000000000000001000100000100000000000000000100000000000000000000000000000000000000010100000000001010000000000000000000000001000
001001001000000000000000000001010101000000001000000000000000001000100000100000000000000000100000000000000000000000000000000000000010100000000001010000000000000000000000001000
000000000000000001000000000000000000000000000010000000000000000000000000000000000000000000000000000000000000000000000000000000000000000000000000000000000000000000000000000000
000000000000000001000010000000000000000000000010000000000000000000000000000000000000000000000000000000000000000000000000000000000000000000000000000000000000000000000000000000
001001001000000001000010000001010101000000001010000000000000001000100000100000000000000000100000000000000000000000000000000000000010100000000001010000000000000000000000001000
001001001000100001000010000001010101000000001010000000000000001000100000100000000000000000100000000000000000000000000000000000000010100000000001010000000000000000000000001000
001001001000100001000010000001010101000000001010000000000000001000100000100000000000000000100000000000000010000000000000000000000010100000000001010000000000000000000000001000
000000000000000000000000000000000000000000000000000000000000000000000000000000000000000000000000000000000000000000000000000000000000000100000000000000000000100000000000000000
000000000000000000000000000000000000000000000000000000000000000000000000000000000000000000000000000000000000000000001000000000000000000100000000000000000000100000000000000000
000000000000000000000000000000000000000000000000000000000000000000000000001000000000000000000000000000000000000000001000000000000000000100000000000000000000100000000000000000
000000000000000000000000000000000000000000000000000000000000000000000000001000000000000000000000000000000000000000001000000000000000000100000000000001000000100000000000000000
000000000000000000000000000000000000000000000000000000000000000000000000001000000000000000000000000000000000000000001100000000000000000100000000000001000000100000000000000000
000000000000000000000000000000000000000000000000000000000000000000000000001000000000000000000000000000000000000000001100000000000000000100000000000001000000100000000000000100
000000000000000000000000000000000000000000000000000000000000000000000000001000000000000000000000000000000100000000001100000000000000000100000000000001000000100000000000000100
001001001000100001000010000001010101000000001010000000000000001000100000101000000000000000100000000000000110000000001100000000000010100100000001010001000000100000000000001100
000000000000000100000000000000000000000000000000000100000000000000000000000000000000000000000000000000000000000000000000000000000000000000000000000000000000000000000000000000
000000000000000100000001000000000000000000000000000100000000000000000000000000000000000000000000000000000000000000000000000000000000000000000000000000000000000000000000000000
000000000000000100000001000000000000000000100000000100000000000000000000000000000000000000000000000000000000000000000000000000000000000000000000000000000000000000000000000000
000000000000000000000000000000000000000000000000000000000000000000000000000000000000000000000100000000000000000010000000000000000000000000000000000000000000000000000000000000
000000000000000000000000000000000000000000000000000000000000000000000000000000000000000000000100000000000000000010000000000000000000010000000000000000000000000000000000000000
000000000000000000000000001000000000000000000000000000000000000000000000000000000000000000000100000000000000000010000000000000000000010000000000000000000000000000000000000000
000000000000000000000000001000000000000000000000000000000000000000000000000000000000000001000100000000000000000010000000000000000000010000000000000000000000000000000000000000
000000000000000000000000001000000000000000000000000000000000000000000000000000000000000001000100000000000000000010000000000000000000010010000000000000000000000000000000000000
000000000000000100000001001000000000000000100000000100000000000000000000000000000000000001000100000000000000000010000000000000000000010010000000000000000000000000000000000000
000000000000000100000001001000000000000000100000000100000000000000000000000000000000000001000100000000000000000010000000000000000000010010000000000000000000000000100000000000
000000000000000100000001001000000000000000100000000100000001000000000000000000000000000001000100000000000000000010000000000000000000010010000000000000000000000000100000000000
000000000000000100000001001000000000000000100000000100000001000000000000000000000000000001000100000000000000000010000000000000100000010010000000000000000000000000100000000000
000000000000000100000001001000000000000000100000000100000001000000000000000000000000000001000100000000000000000010000000000000100000010010000000000000000000000001100000000000
000000000000000100000001001000000000000000100000000100000001000000000000000000000000000001000100000000000000000010000000000000100000010010000010000000000000000001100000000000
001001001000100101000011001001010101000000101010000100000001001000100000101000000000000001100100000000000110000010001100000000100010110110000011010001000000100001100000001100
000000000000000000000000000000000000000000000000000000000000000000000000000000000000000000000000000000000000000000000000001000000000000001000000000000000000000000000000000000
001001001000100101000011001001010101000000101010000100000001001000100000101000000000000001100100000000000110000010001100001000100010110111000011010001000000100001100000001100
001001001000100101000011001001010101000000101010000100000001001000100000101000000001000001100100000000000110000010001100001000100010110111000011010001000000100001100000001100
000000000000000000001000000000000000000000000000000000000000000000000010000000000000000000000000000000000000000000000000000000000000000000000000000000000000000000000000000000
000000000000000000001000000000000000000000000000000000000000000000000010000000000000000000000000000000000000000000000000000000000000000000000000000000000000010000000000000000
000000000000000000001000000000000000000000000000000000000000000000000010000000000000000000000000000000000000000000000000000000000000000000000000000000000000010000000000010000
001001001000100101001011001001010101000000101010000100000001001000100010101000000001000001100100000000000110000010001100001000100010110111000011010001000000110001100000011100
000000000000000000000000000000000000000000000000000000100000000000000000010000000000000000000000000000000000000000000000000000000000000000000000000000000000000000000000000000
001001001000100101001011001001010101000000101010000100100001001000100010111000000001000001100100000000000110000010001100001000100010110111000011010001000000110001100000011100
000000000000000000000000000000000000000000000000000000001000000000001000000000000000000000000000000000000000000000000000000000000000000000000000000000000000000000000000000000
001001001000100101001011001001010101000000101010000100101001001000101010111000000001000001100100000000000110000010001100001000100010110111000011010001000000110001100000011100
001001001000100101001011001001010101000000101010000100101001001000101010111000000001000001100100000000000110000010001100001000100010110111001011010001000000110001100000011100
000000000000000000000000000000000000000000000000000000000000000000000000000000000100000000000000000000000000000000000000000000000000000000100000000000000000000000000000000000
001001001000100101001011001001010101000000101010000100101001001000101010111000000101000001100100000000000110000010001100001000100010110111101011010001000000110001100000011100
000010000000000000000000000000000000000000000000000000000000000000000000000000000000000100000000000000000000000000000000000000000000000000000000000000000000000000000000000000
001011001000100101001011001001010101000000101010000100101001001000101010111000000101000101100100000000000110000010001100001000100010110111101011010001000000110001100000011100
