12987.4733885
621.360194227
722.407874227
807.439504227
809.439904227
965.541014227
970.502834227
1041.53994423
1094.58360423
1197.64105423
1208.62653423
1339.66702423
1383.72036423
1454.75747423
1476.72593423
1568.80040423
1632.82704423
1689.84850423
1697.84299423
1746.86996423
1845.93837423
1883.92230423
1959.02243423
2030.99071423
2087.08101423
2159.08567423
2215.17597423
2287.14425423
2312.22873423
2388.19193423
2443.26922423
2516.25051423
2587.28762423
2606.33255423
2644.30908423
2719.41661423
2800.41019423
2816.46937423
2913.49425423
2929.55343423
3042.63749423
3060.56266423
3131.59977423
3170.69607423
3244.68383423
3284.73900423
3301.70529423
3358.72675423
3421.79791423
3486.82171423
3524.80710423
3557.85882423
3614.88028423
3687.87043423
3770.98139423
3774.90246423
3845.93957423
3873.99058423
3959.02363423
3961.02261423
4073.06656423
4089.11757423
4176.07575423
4188.18598423
4304.17071423
4325.24489423
4432.26567423
4488.30822423
4531.33408423
4616.40318423
4628.38684423
4729.48724423
4756.44542423
4870.48835423
4885.58835423
4984.53128423
5022.64726423
5121.59019423
5135.73132423
5236.77900423
5307.66950423
5350.82193423
5406.73791423
5465.84887423
5543.79682423
5578.93293423
5646.80601423
5741.99626423
5793.87442423
5799.01772423
5864.91153423
5928.06031423
6050.99084423
6057.10290423
6128.14001423
6198.05925423
6231.14920423
6313.08619423
6344.23326423
6400.11822423
6443.30167423
6487.15025423
6500.32313423
6544.17171423
6587.35516423
6643.24012423
6674.38719423
6756.32418423
6789.41413423
6859.33337423
6930.37048423
6936.48254423
7059.41307423
7122.56185423
7188.45566423
7193.59896423
7245.47712423
7340.66737423
7408.54045423
7443.67656423
7521.62451423
7580.73547423
7636.65145423
7679.80388423
7750.69438423
7851.74206423
7865.88319423
7964.82612423
8002.94210423
8101.88503423
8116.98503423
8231.02796423
8257.98614423
8359.08654423
8371.07020423
8456.13930423
8499.16516423
8555.20771423
8662.22849423
8683.30267423
8799.28740423
8811.39763423
8898.35581423
8914.40682423
9026.45077423
9028.44975423
9113.48280423
9141.53381423
9212.57092423
9216.49199423
9299.60295423
9372.59310423
9429.61456423
9462.66628423
9500.65167423
9565.67547423
9628.74663423
9685.76809423
9702.73438423
9742.78955423
9816.77731423
9855.87361423
9926.91072423
9944.83589423
10057.9199542
10073.9791342
10171.0040142
10187.0631942
10268.0567742
10343.1643042
10381.1408342
10400.1857642
10471.2228742
10544.2041642
10599.2814542
10675.2446542
10700.3291342
10772.2974142
10828.3877142
10900.3923742
10956.4826742
11028.4509542
11103.5510842
11141.5350142
11240.6034242
11289.6303942
11297.6248842
11354.6463442
11418.6729842
11510.7474542
11532.7159142
11603.7530242
11647.8063642
11778.8468542
11789.8323342
11892.8897842
11945.9334442
12016.9705542
12021.9323742
12178.0334842
12180.0338842
12265.0655142
12366.1131942
