2046.17492786
2061.05123852
2161.20186786
2164.82677892
2317.30297786
2363.99497584
2418.35065786
2462.62777665
2531.43471786
2570.55701085
2662.47520786
2707.29605997
2708.62166598
2765.48439786
2785.54582238
2790.28034433
2803.21475591
2822.50585786
2937.53279786
3012.81223028
3028.16974217
3047.2596564
3052.51172375
3066.57538786
3074.23276545
3167.62306786
3314.69147786
3352.29701792
3371.71293786
3527.81404786
3533.37593236
3656.85663786
3713.87809786
3739.66853234
3757.90431786
3821.14435305
3827.65475329
3844.91858786
3858.95199786
3879.25293128
3901.8110804
3954.41694358
3972.3445879
4001.01969786
4015.05310786
4029.35878055
4072.07456786
4148.08810786
4201.11715786
4215.59765076
4228.28394872
4262.13103786
4329.17573786
4359.18379786
4443.21866786
4472.26785786
4556.30272786
4564.32602037
4603.30834786
4639.15947155
4659.31191786
4690.34037786
4714.5923271
4744.94666944
4756.36467786
4789.40878786
4888.47719786
4912.46578786
5025.54984786
5044.57830786
5046.68437515
5050.35130326
5091.58364662
5135.16789471
5153.64480786
5240.67683786
5299.46774599
5332.3620569
5368.73541786
5467.80382786
5468.26948584
5478.3587831
5551.81723314
5570.81301786
5580.08061272
5756.89232786
