711.693528026
825.736458026
981.837568026
1094.92162803
1222.98020803
1351.07516803
1408.09662803
1521.18068803
1618.23344803
1749.27393803
1935.35324803
2022.38527803
2208.46458803
2339.50507803
2468.54766803
2581.63172803
2682.67940803
2796.72233803
2897.77001803
3028.81050803
3115.84253803
3228.92659803
3391.98992803
3507.01686803
3620.10092803
3717.15368803
3818.20136803
4004.28067803
4119.30761803
4220.35529803
4406.43460803
4553.50301803
4682.54560803
4810.64056803
4897.67259803
5026.71518803
5189.77851803
5302.86257803
5403.91025803
5506.91944803
5603.97220803
5767.03553803
5904.09444803
6033.13703803
6170.19594803
6333.25927803
6436.26846803
6567.30895803
6698.34944803
6829.38993803
6944.41687803
7130.49618803
7227.54894803
7383.65005803
7496.73411803
7597.78179803
7728.82228803
7799.85939803
7930.89988803
8058.99484803
8156.04760803
8259.05679803
8422.12012803
8521.18853803
8658.24744803
8844.32675803
8958.36968803
9087.41227803
9144.43373803
9231.46576803
9345.50869803
9444.57710803
9572.67206803
9700.76702803
9797.81978803
9925.87836803
10038.962428
10095.983888
10227.024378
10340.108438
10453.192498
10550.245258
10681.285748
10809.344328
10965.445438
11096.485928
11224.544508
