867
570 114
722 675
182 208
90 54
429 276
216 153
831 568
484 227
863 243
474 228
839 745
125 154
335 91
343 549
541 432
157 87
152 493
393 37
191 321
17 419
291 214
367 159
5 24
275 386
574 733
39 167
16 5
108 40
337 685
99 226
232 563
267 153
763 746
153 785
141 9
307 715
228 165
180 305
23 249
229 369
219 388
453 799
67 23
109 442
596 202
344 503
15 225
93 527
116 26
6 15
168 319
749 169
97 248
682 93
677 432
551 310
218 638
781 798
557 558
124 238
152 147
242 33
430 572
9 75
177 741
72 241
179 139
101 13
548 445
339 398
149 29
200 626
578 759
49 8
287 607
472 130
695 302
161 77
810 768
583 619
601 121
206 440
437 57
137 82
65 106
581 79
446 138
60 151
803 320
805 574
13 9
120 334
575 37
249 553
418 319
380 44
345 318
832 610
594 800
126 20
428 438
181 30
150 31
372 666
779 554
492 333
617 363
403 291
18 19
58 38
382 716
506 7
63 375
443 488
62 89
489 27
521 348
179 417
10 9
602 282
61 82
304 357
87 377
452 100
254 284
148 139
569 820
361 433
12 25
118 128
4 3
311 162
42 104
109 230
866 519
703 97
730 639
262 77
383 461
150 680
671 39
315 395
539 506
50 80
182 406
7 11
253 737
84 35
657 156
302 227
760 320
453 343
501 267
812 381
201 227
71 30
330 266
131 192
54 504
99 33
244 209
49 231
849 664
414 782
487 468
425 183
234 74
453 611
598 12
196 424
678 2
361 564
582 84
27 5
555 284
629 603
323 206
69 93
106 709
251 329
517 318
859 14
23 38
26 221
665 708
208 212
814 791
31 22
52 68
370 335
509 191
825 96
36 363
64 729
15 57
284 292
802 646
450 410
495 95
18 10
742 470
1 59
318 327
520 196
734 639
576 360
697 325
605 484
218 494
45 183
816 1
103 264
67 147
720 498
259 148
836 17
674 618
315 284
733 774
276 39
543 99
435 49
260 867
85 358
276 479
236 127
362 121
428 290
393 627
469 403
28 299
706 430
58 163
529 206
686 378
40 2
122 172
219 29
161 421
693 124
492 591
17 47
288 600
131 113
186 499
378 195
134 197
80 204
640 696
203 94
18 766
217 125
271 90
663 615
155 185
171 144
63 53
391 243
588 467
77 556
511 857
641 145
420 481
130 33
376 569
461 512
99 283
672 607
137 725
120 27
2 8
294 355
214 821
441 500
385 777
304 261
153 26
320 133
454 14
736 822
439 679
609 114
214 76
168 104
616 280
145 30
427 376
580 843
102 318
3 266
84 188
573 377
94 88
36 342
675 290
241 721
101 103
63 426
182 48
26 55
538 101
185 186
848 140
211 9
422 357
41 17
17 827
25 207
437 750
176 139
119 371
482 466
19 301
507 557
201 102
373 128
718 792
502 18
125 46
830 395
264 559
4 6
463 630
747 807
447 451
193 253
336 160
840 225
519 220
142 274
166 105
14 35
292 545
507 182
801 639
60 372
159 141
17 77
8 155
32 95
317 128
312 45
841 401
411 599
451 567
464 255
191 852
531 222
37 29
757 703
16 48
55 115
85 530
231 736
207 497
36 43
408 767
439 631
65 142
310 200
781 478
501 508
493 518
463 462
667 4
704 498
332 276
166 218
662 829
865 643
791 351
20 6
384 278
300 83
117 209
106 177
240 127
111 735
778 291
328 514
135 80
231 316
62 144
113 62
211 535
197 554
131 511
864 545
15 140
411 163
668 297
273 473
161 854
618 167
97 58
293 676
537 335
17 322
407 85
173 194
295 670
625 494
235 823
526 273
162 580
3 5
477 252
547 818
783 550
20 222
347 60
260 3
51 789
525 65
858 535
252 223
98 121
81 632
39 1
118 361
10 771
26 6
416 337
594 168
233 183
120 587
74 466
40 457
167 286
293 33
489 692
486 117
103 202
419 669
232 5
261 146
276 344
718 851
29 73
485 809
652 369
10 14
205 608
744 305
649 332
5 761
702 387
212 700
239 95
498 337
139 279
69 48
199 272
561 255
756 285
316 683
210 353
323 752
198 180
129 21
44 160
133 98
631 639
478 622
21 34
776 192
20 21
669 860
405 447
2 3
698 425
38 111
275 205
285 93
506 656
364 52
662 479
412 76
383 719
444 408
8 633
87 20
168 654
166 624
397 14
190 647
98 67
287 267
153 590
673 534
456 34
62 534
853 506
70 350
27 123
597 538
784 786
76 67
359 352
655 63
476 480
640 51
296 160
645 96
579 635
448 110
431 151
326 272
193 105
235 17
27 460
165 123
127 728
56 32
381 277
483 448
402 106
495 701
49 413
758 582
610 16
237 637
210 107
470 560
794 17
711 148
118 44
41 365
32 72
84 277
465 648
36 245
539 747
294 275
333 117
47 53
290 117
513 286
38 485
383 78
765 187
691 121
49 205
536 470
717 325
85 32
526 651
341 566
95 196
179 434
119 174
835 667
650 517
574 562
360 339
112 62
658 555
430 158
179 723
296 515
751 738
426 739
441 613
307 142
584 110
418 748
806 399
809 828
487 660
24 65
726 274
590 659
351 316
308 15
5 88
29 23
132 115
62 270
77 250
137 206
684 77
41 139
25 175
87 110
813 381
343 349
804 377
586 50
196 562
173 2
61 42
442 546
376 274
6 9
11 62
199 155
847 811
38 399
509 687
661 53
190 811
66 27
40 243
552 150
414 56
325 106
11 107
298 754
43 491
409 347
459 74
13 83
33 714
815 773
689 170
48 337
694 28
439 214
251 225
297 36
817 691
415 274
356 157
34 81
176 385
647 681
22 14
45 14
346 595
220 102
426 478
462 471
92 11
745 666
14 23
246 341
468 276
64 122
13 834
6 78
163 184
623 797
583 472
678 753
808 136
18 146
41 643
70 30
224 12
66 258
856 492
30 314
52 13
155 603
265 228
4 12
37 46
389 111
109 387
604 241
585 210
712 58
82 246
448 861
273 773
105 76
271 295
579 388
71 432
727 633
565 453
423 53
282 99
89 366
138 143
788 117
6 189
200 68
56 313
32 5
255 524
772 423
113 455
842 473
318 462
187 178
770 504
475 490
400 337
256 237
280 83
740 564
636 420
278 408
678 787
542 427
223 119
207 532
478 578
346 445
151 190
213 151
269 20
347 392
303 163
79 30
547 180
27 571
584 634
139 642
82 257
304 764
506 592
18 117
493 510
404 383
59 254
699 679
646 236
331 10
473 826
5 74
215 89
610 718
436 335
1 731
396 199
34 405
352 145
845 501
394 220
162 22
36 51
846 23
837 761
69 138
568 225
164 59
746 314
483 577
201 289
239 496
51 768
338 290
844 670
382 16
623 263
7 28
621 237
327 790
833 584
298 137
109 98
282 819
405 738
368 339
438 441
572 628
64 46
824 360
407 606
23 653
599 850
100 14
26 60
5 17
665 45
550 295
2 838
796 250
124 48
324 281
309 33
129 134
732 502
285 724
86 47
28 96
165 354
94 178
476 251
458 435
769 132
81 170
147 156
505 147
100 158
50 29
282 340
33 32
126 127
423 465
593 315
64 343
65 263
287 475
328 300
664 53
793 279
89 102
780 82
348 20
1 2
108 306
522 274
281 224
748 784
180 100
762 614
107 136
246 390
467 123
379 74
5 44
615 192
369 743
614 59
122 589
3 30
119 36
229 80
215 612
209 544
36 22
462 470
688 537
707 620
44 91
